<data>
# GsakName=NùCC-08
49.45955993 11.10791599
49.45955933 11.10900567
49.45966544 11.10994176
49.45983508 11.11095946
49.45986886 11.11184163
49.45988120 11.11228282
49.45981500 11.11302893
49.45971923 11.11344445
49.45955287 11.11402682
49.45920017 11.11492976
49.45912032 11.11506912
49.45865726 11.11565687
49.45800909 11.11673065
49.45777000 11.11603145
49.45757703 11.11548318
49.45700134 11.11310728
49.45695126 11.11243225
49.45702890 11.11200322
49.45651484 11.11180568
49.45452941 11.11084849
49.45224593 11.10973126
49.45105452 11.10914595
49.45106135 11.10887000
49.45051042 11.10854899
49.44973105 11.10776315
49.44939427 11.10723145
49.44911945 11.10657447
49.44891995 11.10635740
49.44883861 11.10630370
49.44867806 11.10531372
49.44848981 11.10538608
49.44791521 11.10549300
49.44759036 11.10534716
49.44772906 11.10236594
49.44775700 11.10134501
49.44771502 11.10055971
49.44753275 11.09908741
49.44739663 11.09776593
49.44692003 11.09776081
49.44630763 11.09763415
49.44632806 11.09564798
49.44585843 11.09538071
49.44602430 11.09474338
49.44613676 11.09417597
49.44629239 11.09338705
49.44639123 11.09222670
49.44638492 11.09142699
49.44617982 11.08936229
49.44600552 11.08777968
49.44609457 11.08766768
49.44599119 11.08710417
49.44556664 11.08571923
49.44596125 11.08558782
49.44651646 11.08530169
49.44731407 11.08496970
49.44749195 11.08358734
49.44780420 11.08214732
49.44828311 11.08244173
49.44980074 11.08332366
49.45034338 11.08372730
49.45056954 11.08390243
49.45080557 11.08418760
49.45116013 11.08467747
49.45170516 11.08538455
49.45200487 11.08576517
49.45252215 11.08636241
49.45286569 11.08659046
49.45325420 11.08683151
49.45398611 11.08728684
49.45436579 11.08754186
49.45488262 11.08808402
49.45543820 11.08898400
49.45568248 11.08917257
49.45666307 11.08923719
49.45762573 11.08909906
49.45832758 11.08937182
49.45897143 11.09006339
49.45926147 11.09036151
49.45953300 11.09059101
49.46032131 11.09136265
49.46047536 11.09151153
49.46100077 11.09201218
49.46126354 11.09226947
49.46213365 11.09315007
49.46244204 11.09348922
49.46279526 11.09381385
49.46428089 11.09522126
49.46550411 11.09642657
49.46593885 11.09683239
49.46696279 11.09784831
49.46671572 11.09844603
49.46636903 11.09896292
49.46621804 11.09920019
49.46598675 11.09952169
49.46578238 11.09982897
49.46530418 11.10077578
49.46433964 11.10277995
49.46428613 11.10283609
49.46403667 11.10313037
49.46331253 11.10366781
49.46288386 11.10404812
49.46235591 11.10437500
49.46228465 11.10445904
49.46199873 11.10469882
49.46163227 11.10498139
49.46090844 11.10556022
49.46056008 11.10585626
49.46035486 11.10606691
49.46008741 11.10636140
49.45982217 11.10694562
49.45972598 11.10729231
49.45955993 11.10791599
<enddata>
